   1.0000000e+00  -1.0183402e-10   4.9360558e-10   1.1649733e-10  -1.0183402e-10   9.9999996e-01  -4.6234052e-10  -2.4634647e-09   4.9360558e-10  -4.6234052e-10   9.9999996e-01  -1.1322908e-08
   9.9903044e-01  -1.1991261e-03   4.4008449e-02   5.0591890e-02   1.3025282e-03   9.9999642e-01  -2.3210014e-03  -2.3711118e-02  -4.4005509e-02   2.3760723e-03   9.9902842e-01   9.9510197e-01
   9.9597468e-01  -4.6863935e-03   8.9512460e-02   1.5714348e-01   5.2512358e-03   9.9996771e-01  -6.0757550e-03  -4.0858038e-02  -8.9481099e-02   6.5213482e-03   9.9596713e-01   2.0151484e+00
   9.9086827e-01  -4.7058943e-03   1.3475131e-01   2.9579611e-01   6.0149105e-03   9.9993854e-01  -9.3088444e-03  -7.3728984e-02  -1.3469922e-01   1.0034355e-02   9.9083568e-01   2.9798682e+00
   9.8340966e-01  -3.0930642e-03   1.8137221e-01   4.7897670e-01   5.3331657e-03   9.9991535e-01  -1.1864466e-02  -8.0961373e-02  -1.8132016e-01   1.2634918e-02   9.8334291e-01   3.9817398e+00
   9.7391426e-01  -5.2826590e-03   2.2685482e-01   7.0580063e-01   8.0671872e-03   9.9990301e-01  -1.1349118e-02  -1.1437794e-01  -2.2677287e-01   1.2883147e-02   9.7386242e-01   4.9310076e+00
   9.6218636e-01  -6.3419551e-03   2.7231818e-01   9.8370269e-01   1.0032034e-02   9.9987569e-01  -1.2160478e-02  -1.3792355e-01  -2.7220722e-01   1.4432551e-02   9.6213037e-01   5.8843026e+00
   9.4842066e-01  -9.1504481e-03   3.1688250e-01   1.3103090e+00   1.4389958e-02   9.9979561e-01  -1.4198181e-02  -1.5854873e-01  -3.1668782e-01   1.8025773e-02   9.4835849e-01   6.8487268e+00
   9.3335562e-01  -1.0746791e-02   3.5879212e-01   1.6663654e+00   1.7282337e-02   9.9973789e-01  -1.5013128e-02  -2.1483363e-01  -3.5853675e-01   2.0213353e-02   9.3329671e-01   7.7342200e+00
   9.1584015e-01  -1.1043579e-02   4.0139114e-01   2.0643140e+00   1.8855628e-02   9.9970175e-01  -1.5517172e-02  -2.1899486e-01  -4.0110008e-01   2.1779731e-02   9.1577524e-01   8.6363341e+00
   8.9594103e-01  -1.1819018e-02   4.4401573e-01   2.5210859e+00   2.0146501e-02   9.9969839e-01  -1.4041446e-02  -2.5230817e-01  -4.4371587e-01   2.1525670e-02   8.9590892e-01   9.5311104e+00
   8.7419102e-01  -1.1861769e-02   4.8543727e-01   2.9878605e+00   2.0436819e-02   9.9971451e-01  -1.2375030e-02  -2.8871531e-01  -4.8515191e-01   2.0738933e-02   8.7418388e-01   1.0379028e+01
   8.4971244e-01  -1.2212766e-02   5.2710493e-01   3.5166257e+00   2.1431249e-02   9.9970545e-01  -1.1385266e-02  -3.0622340e-01  -5.2681065e-01   2.0970718e-02   8.4972390e-01   1.1230691e+01
   8.2410752e-01  -1.2704158e-02   5.6629091e-01   4.0671933e+00   2.2600896e-02   9.9968977e-01  -1.0463440e-02  -3.2943360e-01  -5.6598232e-01   2.1421681e-02   8.2413898e-01   1.2007273e+01
   7.9666419e-01  -1.4520225e-02   6.0424773e-01   4.6675006e+00   2.5513597e-02   9.9962818e-01  -9.6168220e-03  -3.6926911e-01  -6.0388344e-01   2.3077910e-02   7.9673844e-01   1.2782064e+01
   7.6725451e-01  -1.4293214e-02   6.4118344e-01   5.3001801e+00   2.6825247e-02   9.9959189e-01  -9.8168625e-03  -3.7451352e-01  -6.4078148e-01   2.4731935e-02   7.6732481e-01   1.3543017e+01
   7.3697584e-01  -1.7199866e-02   6.7570020e-01   5.9489501e+00   3.0947710e-02   9.9948640e-01  -8.3123868e-03  -4.0840645e-01  -6.7521022e-01   2.7037401e-02   7.3712962e-01   1.4227994e+01
   7.0472785e-01  -1.6799922e-02   7.0927879e-01   6.6382853e+00   3.1138600e-02   9.9948863e-01  -7.2649959e-03  -4.3104739e-01  -7.0879406e-01   2.7205793e-02   7.0489060e-01   1.4899974e+01
   6.6978398e-01  -1.6075298e-02   7.4238196e-01   7.3736824e+00   3.2610817e-02   9.9943780e-01  -7.7802835e-03  -4.3604323e-01  -7.4183956e-01   2.9420791e-02   6.6993166e-01   1.5559163e+01
   6.3450047e-01  -1.7105741e-02   7.7273315e-01   8.1030542e+00   3.6189150e-02   9.9931606e-01  -7.5938132e-03  -4.6947448e-01  -7.7207478e-01   3.2782834e-02   6.3468556e-01   1.6149830e+01
   5.9738626e-01  -1.5969188e-02   8.0179462e-01   8.8837482e+00   3.6833193e-02   9.9929294e-01  -7.5402676e-03  -4.8628679e-01  -8.0110733e-01   3.4037108e-02   5.9755207e-01   1.6727079e+01
   5.5989270e-01  -1.5334591e-02   8.2842319e-01   9.6701031e+00   3.9353148e-02   9.9919248e-01  -8.1013334e-03  -5.1266966e-01  -8.2763003e-01   3.7136938e-02   5.6004404e-01   1.7234277e+01
   5.2101017e-01  -1.4055598e-02   8.5343472e-01   1.0486033e+01   4.3137938e-02   9.9902021e-01  -9.8818073e-03  -5.3570753e-01  -8.5245967e-01   4.1963936e-02   5.2110602e-01   1.7723147e+01
   4.8139494e-01  -1.3137216e-02   8.7640533e-01   1.1347082e+01   4.5339303e-02   9.9892224e-01  -9.9303978e-03  -5.4274262e-01  -8.7533035e-01   4.4516049e-02   4.8147175e-01   1.8190492e+01
   4.4315545e-01  -1.5140874e-02   8.9631689e-01   1.2201929e+01   4.9689491e-02   9.9873502e-01  -7.6964378e-03  -5.5783678e-01  -8.9506657e-01   4.7948248e-02   4.4334721e-01   1.8588285e+01
   4.0578385e-01  -1.6171899e-02   9.1382597e-01   1.3094108e+01   5.3669028e-02   9.9853973e-01  -6.1606273e-03  -5.8585521e-01  -9.1239195e-01   5.1544034e-02   4.0605923e-01   1.8970725e+01
   3.6961146e-01  -1.4468432e-02   9.2907373e-01   1.4009199e+01   5.4608020e-02   9.9848873e-01  -6.1751648e-03  -6.0150431e-01  -9.2758035e-01   5.3017288e-02   3.6984297e-01   1.9327538e+01
   3.3653759e-01  -1.5035779e-02   9.4154997e-01   1.4920834e+01   5.5242568e-02   9.9846569e-01  -3.8006378e-03  -6.1003313e-01  -9.4004823e-01   5.3292695e-02   3.3685185e-01   1.9638801e+01
   3.0266086e-01  -1.6699884e-02   9.5295198e-01   1.5875559e+01   5.7250228e-02   9.9835958e-01  -6.8724748e-04  -6.1445117e-01  -9.5137731e-01   5.4764721e-02   3.0312044e-01   1.9933793e+01
   2.6992923e-01  -1.7006990e-02   9.6272994e-01   1.6823628e+01   5.8026185e-02   9.9831408e-01   1.3662759e-03  -6.3189599e-01  -9.6113013e-01   5.5494747e-02   2.7046101e-01   2.0196192e+01
   2.3747527e-01  -1.4652821e-02   9.7128304e-01   1.7802806e+01   5.5131778e-02   9.9847779e-01   1.5835574e-03  -6.4509728e-01  -9.6982779e-01   5.3172505e-02   2.3792162e-01   2.0434634e+01
   2.0561927e-01  -1.2936161e-02   9.7854654e-01   1.8791647e+01   5.4633218e-02   9.9850497e-01   1.7200801e-03  -6.3693900e-01  -9.7710587e-01   5.3107464e-02   2.0601860e-01   2.0641885e+01
   1.7530149e-01  -1.2993501e-02   9.8442903e-01   1.9780349e+01   5.6092492e-02   9.9842044e-01   3.1895433e-03  -6.4307887e-01  -9.8291555e-01   5.4659945e-02   1.7575343e-01   2.0806178e+01
   1.4457864e-01  -1.3692456e-02   9.8939855e-01   2.0801061e+01   5.7502002e-02   9.9833067e-01   5.4134275e-03  -6.4834487e-01  -9.8782109e-01   5.6109731e-02   1.4512464e-01   2.0947216e+01
   1.1342818e-01  -1.4346843e-02   9.9344259e-01   2.1847956e+01   5.6383523e-02   9.9837725e-01   7.9804119e-03  -6.4942951e-01  -9.9194501e-01   5.5108589e-02   1.1405304e-01   2.1069599e+01
   8.4263530e-02  -1.4682887e-02   9.9633530e-01   2.2898244e+01   5.6510649e-02   9.9835254e-01   9.9333134e-03  -6.4188699e-01  -9.9483977e-01   5.5466538e-02   8.4954449e-02   2.1152044e+01
   5.6302638e-02  -1.4708763e-02   9.9830538e-01   2.3974364e+01   5.8751784e-02   9.9820756e-01   1.1393826e-02  -6.3413249e-01  -9.9668360e-01   5.8010719e-02   5.7065885e-02   2.1205570e+01
   3.1244884e-02  -1.4448190e-02   9.9940731e-01   2.5049239e+01   6.2507500e-02   9.9796651e-01   1.2473162e-02  -6.2989622e-01  -9.9755528e-01   6.2080729e-02   3.2084468e-02   2.1229441e+01
   8.3477134e-03  -1.4009218e-02   9.9986700e-01   2.6140984e+01   6.6798951e-02   9.9767615e-01   1.3420829e-02  -6.1694127e-01  -9.9773151e-01   6.6678033e-02   9.2641157e-03   2.1230168e+01
  -1.2839966e-02  -1.4693055e-02   9.9980959e-01   2.7257527e+01   7.2146600e-02   9.9727227e-01   1.5582303e-02  -6.1749668e-01  -9.9731137e-01   7.2332938e-02  -1.1744889e-02   2.1206053e+01
  -3.0289038e-02  -1.5201536e-02   9.9942556e-01   2.8370996e+01   7.6492733e-02   9.9691683e-01   1.7481600e-02  -6.0270347e-01  -9.9660995e-01   7.6978293e-02  -2.9032845e-02   2.1163938e+01
  -4.6082411e-02  -1.5399227e-02   9.9881892e-01   2.9498772e+01   7.9309555e-02   9.9666843e-01   1.9025169e-02  -5.8812698e-01  -9.9578430e-01   8.0092609e-02  -4.4707579e-02   2.1101095e+01
  -6.0949701e-02  -1.6081092e-02   9.9801127e-01   3.0641650e+01   8.1564020e-02   9.9644602e-01   2.1037080e-02  -5.7671702e-01  -9.9480270e-01   8.2684015e-02  -5.9421449e-02   2.1022975e+01
  -7.3938843e-02  -1.7143280e-02   9.9711540e-01   3.1784486e+01   8.1740465e-02   9.9638373e-01   2.3191980e-02  -5.5658288e-01  -9.9390719e-01   8.3219464e-02  -7.2270161e-02   2.0929309e+01
  -8.6260489e-02  -1.7067950e-02   9.9612638e-01   3.2930134e+01   8.1628278e-02   9.9637039e-01   2.4140807e-02  -5.4176603e-01  -9.9292291e-01   8.3394479e-02  -8.4554171e-02   2.0832052e+01
  -9.7971728e-02  -1.4611420e-02   9.9508191e-01   3.4100743e+01   8.1502527e-02   9.9641557e-01   2.2655410e-02  -5.2077174e-01  -9.9184618e-01   8.3321279e-02  -9.6429688e-02   2.0713623e+01
  -1.0792126e-01  -1.1372918e-02   9.9409437e-01   3.5270204e+01   8.1854667e-02   9.9643776e-01   2.0286065e-02  -5.0293304e-01  -9.9078392e-01   8.3560561e-02  -1.0660590e-01   2.0579408e+01
  -1.1777843e-01  -9.1023798e-03   9.9299816e-01   3.6479007e+01   8.2386101e-02   9.9642111e-01   1.8905481e-02  -4.8298052e-01  -9.8961646e-01   8.4035905e-02  -1.1660700e-01   2.0435749e+01
  -1.2497765e-01  -8.0087849e-03   9.9212721e-01   3.7692025e+01   8.2171687e-02   9.9644837e-01   1.8394782e-02  -4.6242554e-01  -9.8875091e-01   8.3823704e-02  -1.2387568e-01   2.0277312e+01
  -1.3070451e-01  -7.0772493e-03   9.9139609e-01   3.8938804e+01   8.2159423e-02   9.9645758e-01   1.7945184e-02  -4.3827268e-01  -9.8801119e-01   8.3798047e-02  -1.2966004e-01   2.0107459e+01
  -1.3648129e-01  -5.9925197e-03   9.9062450e-01   4.0204624e+01   8.2610168e-02   9.9642983e-01   1.7409085e-02  -4.2058454e-01  -9.8719217e-01   8.4211671e-02  -1.3549898e-01   1.9931344e+01
  -1.4033922e-01  -4.3905666e-03   9.9009373e-01   4.1486455e+01   8.1981943e-02   9.9650470e-01   1.6039392e-02  -3.9868907e-01  -9.8670351e-01   8.3420763e-02  -1.3948875e-01   1.9740784e+01
  -1.4465313e-01  -3.9211124e-03   9.8947464e-01   4.2802366e+01   8.2114744e-02   9.9649514e-01   1.5953439e-02  -3.8403690e-01  -9.8606927e-01   8.3558171e-02  -1.4382417e-01   1.9547583e+01
  -1.4818096e-01  -4.6257914e-03   9.8894942e-01   4.4131077e+01   8.1995010e-02   9.9648860e-01   1.6946920e-02  -3.6409306e-01  -9.8555527e-01   8.3600128e-02  -1.4728135e-01   1.9344942e+01
  -1.4992937e-01  -6.7976024e-03   9.8867332e-01   4.5480214e+01   8.2518959e-02   9.9640130e-01   1.9364490e-02  -3.4080950e-01  -9.8524706e-01   8.4487599e-02  -1.4882889e-01   1.9131348e+01
  -1.5198937e-01  -7.5194795e-03   9.8835350e-01   4.6852180e+01   8.3017340e-02   9.9634033e-01   2.0346681e-02  -3.1362427e-01  -9.8488949e-01   8.5142958e-02  -1.5080890e-01   1.8912645e+01
  -1.5482302e-01  -7.7107191e-03   9.8791211e-01   4.8251120e+01   8.4238376e-02   9.9622476e-01   2.0977219e-02  -2.9521669e-01  -9.8434429e-01   8.6467868e-02  -1.5358899e-01   1.8693410e+01
  -1.5512633e-01  -7.1158832e-03   9.8786899e-01   4.9662346e+01   8.5066837e-02   9.9616360e-01   2.0533785e-02  -2.5497276e-01  -9.8422529e-01   8.7220221e-02  -1.5392588e-01   1.8458815e+01
  -1.5641348e-01  -6.6350614e-03   9.8766936e-01   5.1100614e+01   8.6103849e-02   9.9607873e-01   2.0327496e-02  -2.3973081e-01  -9.8393136e-01   8.8221627e-02  -1.5522883e-01   1.8227468e+01
  -1.5585532e-01  -5.8488264e-03   9.8776256e-01   5.2553196e+01   8.6288445e-02   9.9607904e-01   1.9513197e-02  -2.0244406e-01  -9.8400375e-01   8.8273730e-02  -1.5473953e-01   1.7992536e+01
  -1.5516091e-01  -5.1026413e-03   9.8787601e-01   5.4030137e+01   8.5826333e-02   9.9613596e-01   1.8625633e-02  -1.8788395e-01  -9.8415390e-01   8.7675746e-02  -1.5412342e-01   1.7753946e+01
  -1.5480288e-01  -5.3360463e-03   9.8793095e-01   5.5518542e+01   8.5784346e-02   9.9613588e-01   1.8822257e-02  -1.6187104e-01  -9.8421394e-01   8.7662750e-02  -1.5374696e-01   1.7519059e+01
  -1.5254224e-01  -5.8915243e-03   9.8827937e-01   5.7038602e+01   8.6013145e-02   9.9610866e-01   1.9214440e-02  -1.3152985e-01  -9.8454688e-01   8.7936031e-02  -1.5144190e-01   1.7279407e+01
  -1.5146185e-01  -5.7284241e-03   9.8844649e-01   5.8586652e+01   8.6289313e-02   9.9608898e-01   1.8995017e-02  -1.1212975e-01  -9.8468951e-01   8.8169388e-02  -1.5037518e-01   1.7030241e+01
  -1.5093425e-01  -4.9987418e-03   9.8853115e-01   6.0134918e+01   8.6270898e-02   9.9610525e-01   1.8209346e-02  -8.2431549e-02  -9.8477213e-01   8.8029884e-02  -1.4991515e-01   1.6794406e+01
  -1.4963555e-01  -4.6279556e-03   9.8873037e-01   6.1727065e+01   8.7079397e-02   9.9604156e-01   1.7840869e-02  -5.8394538e-02  -9.8489915e-01   8.8767673e-02  -1.4864023e-01   1.6541290e+01
  -1.4911947e-01  -4.8276859e-03   9.8880738e-01   6.3333204e+01   8.6626818e-02   9.9607948e-01   1.7927155e-02  -3.1095581e-02  -9.8501733e-01   8.8330524e-02  -1.4811664e-01   1.6296287e+01
  -1.4763150e-01  -6.5630534e-03   9.8902064e-01   6.4959241e+01   8.8026402e-02   9.9592232e-01   1.9748587e-02  -6.2888921e-03  -9.8511738e-01   8.9975442e-02  -1.4645178e-01   1.6043166e+01
  -1.4676714e-01  -8.0462907e-03   9.8913832e-01   6.6596048e+01   9.0243236e-02   9.9568784e-01   2.1489749e-02   2.8606965e-02  -9.8504595e-01   9.2417032e-02  -1.4540814e-01   1.5787951e+01
  -1.4673433e-01  -7.2760550e-03   9.8914916e-01   6.8238504e+01   9.2137378e-02   9.9552499e-01   2.0990980e-02   5.4107212e-02  -9.8487547e-01   9.4217707e-02  -1.4540730e-01   1.5541530e+01
  -1.4535405e-01  -6.3435195e-03   9.8935935e-01   6.9897816e+01   9.2968414e-02   9.9546729e-01   2.0041353e-02   7.0297007e-02  -9.8500205e-01   9.4892261e-02  -1.4410545e-01   1.5280162e+01
  -1.4465858e-01  -6.2340859e-03   9.8946197e-01   7.1580163e+01   9.2970088e-02   9.9547069e-01   1.9864098e-02   1.0391702e-01  -9.8510427e-01   9.4863878e-02  -1.4342379e-01   1.5031839e+01
  -1.4524569e-01  -6.9796754e-03   9.8937098e-01   7.3270054e+01   9.3136338e-02   9.9543821e-01   2.0695459e-02   1.2134434e-01  -9.8500217e-01   9.5152316e-02  -1.4393305e-01   1.4780582e+01
  -1.4432669e-01  -7.5568076e-03   9.8950122e-01   7.4981494e+01   9.3272626e-02   9.9541470e-01   2.1206528e-02   1.5950507e-01  -9.8512435e-01   9.5354045e-02  -1.4296006e-01   1.4521835e+01
  -1.4473094e-01  -7.9135980e-03   9.8943938e-01   7.6699475e+01   9.4527221e-02   9.9528379e-01   2.1787377e-02   1.8066344e-01  -9.8494544e-01   9.6682262e-02  -1.4330031e-01   1.4264773e+01
  -1.4383151e-01  -7.8754009e-03   9.8957083e-01   7.8442369e+01   9.5486489e-02   9.9519197e-01   2.1798844e-02   2.1701211e-01  -9.8498466e-01   9.7626005e-02  -1.4238797e-01   1.3995996e+01
  -1.4386102e-01  -7.3659504e-03   9.8957047e-01   8.0197378e+01   9.5872474e-02   9.9516469e-01   2.1345265e-02   2.4282463e-01  -9.8494286e-01   9.7943320e-02  -1.4245921e-01   1.3732973e+01
  -1.4516605e-01  -6.6632841e-03   9.8938485e-01   8.1959032e+01   9.5268678e-02   9.9523670e-01   2.0680852e-02   2.7482392e-01  -9.8480996e-01   9.7259544e-02  -1.4383978e-01   1.3469477e+01
  -1.4524605e-01  -6.1762335e-03   9.8937627e-01   8.3748806e+01   9.4476763e-02   9.9532443e-01   2.0083089e-02   3.0248162e-01  -9.8487445e-01   9.6390056e-02  -1.4398343e-01   1.3202194e+01
  -1.4636667e-01  -5.9849718e-03   9.8921228e-01   8.5547633e+01   9.3649238e-02   9.9540673e-01   1.9879057e-02   3.2408060e-01  -9.8478758e-01   9.5548608e-02  -1.4513388e-01   1.2926331e+01
  -1.4844987e-01  -6.5566084e-03   9.8889818e-01   8.7354666e+01   9.2812111e-02   9.9547186e-01   2.0532816e-02   3.5677180e-01  -9.8455498e-01   9.4829821e-02  -1.4716914e-01   1.2662182e+01
  -1.4818111e-01  -7.4859198e-03   9.8893189e-01   8.9194372e+01   9.2546631e-02   9.9547826e-01   2.1402619e-02   3.8020604e-01  -9.8462045e-01   9.4693779e-02  -1.4681828e-01   1.2369472e+01
  -1.4861611e-01  -8.2876522e-03   9.8886022e-01   9.1032879e+01   9.0278993e-02   9.9567537e-01   2.1912827e-02   4.1879848e-01  -9.8476541e-01   9.2529903e-02  -1.4722520e-01   1.2091579e+01
  -1.5122399e-01  -7.8604312e-03   9.8846825e-01   9.2887274e+01   9.0011798e-02   9.9570447e-01   2.1688718e-02   4.4566451e-01  -9.8439278e-01   9.2253659e-02  -1.4986687e-01   1.1807286e+01
  -1.5291407e-01  -7.2833275e-03   9.8821263e-01   9.4761578e+01   8.8620877e-02   9.9584288e-01   2.1052582e-02   4.8354158e-01  -9.8425789e-01   9.0795505e-02  -1.5163293e-01   1.1502752e+01
  -1.5785709e-01  -6.7756190e-03   9.8743870e-01   9.6641442e+01   8.9081157e-02   9.9580136e-01   2.1073978e-02   5.1031578e-01  -9.8343563e-01   9.1288858e-02  -1.5659073e-01   1.1206228e+01
  -1.6152154e-01  -7.4839739e-03   9.8684079e-01   9.8539363e+01   8.7328061e-02   9.9593999e-01   2.1846433e-02   5.4446801e-01  -9.8299774e-01   8.9707562e-02  -1.6021220e-01   1.0890948e+01
  -1.6622335e-01  -8.3865000e-03   9.8605245e-01   1.0044696e+02   8.5433179e-02   9.9608126e-01   2.2873655e-02   5.8343594e-01  -9.8238024e-01   8.8043731e-02  -1.6485548e-01   1.0569804e+01
  -1.7205163e-01  -7.8439447e-03   9.8505668e-01   1.0235312e+02   8.4319735e-02   9.9618102e-01   2.2659950e-02   6.0980311e-01  -9.8147256e-01   8.6958400e-02  -1.7073317e-01   1.0243712e+01
  -1.7578734e-01  -6.7660132e-03   9.8440489e-01   1.0427818e+02   8.4279529e-02   9.9620148e-01   2.1897073e-02   6.3840839e-01  -9.8081381e-01   8.6814408e-02  -1.7454938e-01   9.8861273e+00
  -1.8031521e-01  -5.1999118e-03   9.8359511e-01   1.0620427e+02   8.3985193e-02   9.9625270e-01   2.0663211e-02   6.6584248e-01  -9.8001677e-01   8.6333316e-02  -1.7920280e-01   9.5351703e+00
  -1.8630775e-01  -4.9498837e-03   9.8247895e-01   1.0814211e+02   8.2626551e-02   9.9636578e-01   2.0688342e-02   6.9575227e-01  -9.7901085e-01   8.5033245e-02  -1.8522167e-01   9.1748827e+00
  -1.9035536e-01  -5.5523880e-03   9.8169953e-01   1.1008885e+02   8.0962181e-02   9.9648877e-01   2.1334915e-02   7.2318010e-01  -9.7837106e-01   8.3541750e-02  -1.8923745e-01   8.7938856e+00
  -1.9695266e-01  -6.2811945e-03   9.8039286e-01   1.1204941e+02   7.8673555e-02   9.9665339e-01   2.2190225e-02   7.5644807e-01  -9.7725129e-01   8.1501416e-02  -1.9579937e-01   8.4138060e+00
  -2.0140364e-01  -7.0648256e-03   9.7948284e-01   1.1401687e+02   7.8064964e-02   9.9667730e-01   2.3240752e-02   7.8601341e-01  -9.7639254e-01   8.1144064e-02  -2.0018292e-01   8.0037865e+00
  -2.0691815e-01  -7.3857485e-03   9.7833036e-01   1.1598422e+02   7.8129266e-02   9.9665310e-01   2.4048514e-02   8.2319583e-01  -9.7523364e-01   8.1412307e-02  -2.0564858e-01   7.5865214e+00
  -2.1352540e-01  -6.2959006e-03   9.7691721e-01   1.1795749e+02   7.8673083e-02   9.9662060e-01   2.3618506e-02   8.4977037e-01  -9.7376456e-01   8.1900239e-02  -2.1230849e-01   7.1612283e+00
  -2.1819664e-01  -5.7152292e-03   9.7588807e-01   1.1993470e+02   7.7904393e-02   9.9668952e-01   2.3255521e-02   8.8680853e-01  -9.7279036e-01   8.1100244e-02  -2.1702907e-01   6.7140907e+00
  -2.2424378e-01  -5.8162697e-03   9.7451571e-01   1.2192763e+02   7.8571122e-02   9.9661886e-01   2.4028026e-02   9.1558354e-01  -9.7136052e-01   8.1956928e-02  -2.2302859e-01   6.2526170e+00
  -2.3088536e-01  -6.0212150e-03   9.7296231e-01   1.2392251e+02   7.7812826e-02   9.9666358e-01   2.4632986e-02   9.5075196e-01  -9.6986446e-01   8.1396342e-02  -2.2964650e-01   5.7918870e+00
  -2.3504664e-01  -5.6690345e-03   9.7196754e-01   1.2592636e+02   7.7029627e-02   9.9672914e-01   2.4441193e-02   9.8831203e-01  -9.6892697e-01   8.0615117e-02  -2.3384116e-01   5.2990108e+00
  -2.4130609e-01  -5.7134816e-03   9.7043222e-01   1.2793204e+02   7.5763632e-02   9.9681959e-01   2.4708098e-02   1.0239737e+00  -9.6748706e-01   7.9485684e-02  -2.4010576e-01   4.8110465e+00
  -2.4457020e-01  -6.2968655e-03   9.6961112e-01   1.2995167e+02   7.7132783e-02   9.9668359e-01   2.5928294e-02   1.0606833e+00  -9.6655880e-01   8.1130093e-02  -2.4327341e-01   4.2888442e+00
  -2.4849710e-01  -6.8057800e-03   9.6860871e-01   1.3197021e+02   7.9227459e-02   9.9648188e-01   2.7327474e-02   1.1023915e+00  -9.6538705e-01   8.3531205e-02  -2.4708366e-01   3.7631913e+00
  -2.5331888e-01  -6.2727445e-03   9.6736247e-01   1.3399270e+02   8.0329066e-02   9.9638903e-01   2.7496376e-02   1.1410075e+00  -9.6404188e-01   8.4672675e-02  -2.5190028e-01   3.2343080e+00
  -2.5530222e-01  -6.0916960e-03   9.6684209e-01   1.3603029e+02   8.0669851e-02   9.9635921e-01   2.7579176e-02   1.1876590e+00  -9.6349007e-01   8.5036032e-02  -2.5388130e-01   2.6880615e+00
  -2.5871423e-01  -6.5366876e-03   9.6593177e-01   1.3806967e+02   7.9603731e-02   9.9643142e-01   2.8064071e-02   1.2344842e+00  -9.6266825e-01   8.4152347e-02  -2.5727065e-01   2.1371130e+00
  -2.6356296e-01  -6.4190031e-03   9.6462082e-01   1.4013089e+02   7.8253738e-02   9.9653979e-01   2.8012642e-02   1.2785138e+00  -9.6146289e-01   8.2868279e-02  -2.6214867e-01   1.5779707e+00
  -2.6715565e-01  -6.2806960e-03   9.6363290e-01   1.4218111e+02   7.6463459e-02   9.9668764e-01   2.7694712e-02   1.3237773e+00  -9.6061499e-01   8.1081504e-02  -2.6579049e-01   1.0060581e+00
  -2.7256682e-01  -6.5870116e-03   9.6211429e-01   1.4425006e+02   7.5644773e-02   9.9673441e-01   2.8254185e-02   1.3756143e+00  -9.5915857e-01   8.0480070e-02  -2.7117846e-01   4.2441620e-01
  -2.7633248e-01  -6.2728747e-03   9.6104161e-01   1.4632009e+02   7.5961764e-02   9.9670766e-01   2.8347288e-02   1.4141288e+00  -9.5805539e-01   8.0835692e-02  -2.7494620e-01  -1.6855873e-01
  -2.8088883e-01  -5.8718282e-03   9.5972233e-01   1.4839194e+02   7.5182356e-02   9.9677368e-01   2.8102677e-02   1.4622137e+00  -9.5679101e-01   8.0047914e-02  -2.7954114e-01  -7.7647901e-01
  -2.8622661e-01  -6.0276161e-03   9.5814297e-01   1.5048259e+02   7.4715739e-02   9.9679489e-01   2.8590648e-02   1.5024740e+00  -9.5524439e-01   7.9771764e-02  -2.8485887e-01  -1.3939153e+00
  -2.8951098e-01  -6.7704542e-03   9.5715073e-01   1.5256622e+02   7.4483942e-02   9.9678337e-01   2.9580079e-02   1.5501557e+00  -9.5427224e-01   7.9856117e-02  -2.8807544e-01  -2.0351758e+00
  -2.9353362e-01  -6.8787389e-03   9.5592398e-01   1.5465882e+02   7.5031136e-02   9.9672337e-01   3.0211983e-02   1.5987882e+00  -9.5299964e-01   8.0592295e-02  -2.9205570e-01  -2.6746778e+00
  -2.9851813e-01  -6.4690871e-03   9.5438202e-01   1.5677621e+02   7.5896271e-02   9.9664925e-01   3.0494940e-02   1.6459263e+00  -9.5138144e-01   8.1537329e-02  -2.9702689e-01  -3.3307112e+00
  -3.0125173e-01  -5.7400966e-03   9.5352735e-01   1.5886879e+02   7.5612463e-02   9.9668919e-01   2.9888473e-02   1.6974686e+00  -9.5054201e-01   8.1102506e-02  -2.9982033e-01  -3.9941939e+00
  -3.0478590e-01  -4.3053131e-03   9.5241114e-01   1.6098623e+02   7.5868308e-02   9.9670225e-01   2.8784527e-02   1.7394813e+00  -9.4939429e-01   8.1030940e-02  -3.0345416e-01  -4.6690024e+00
  -3.0896551e-01  -3.4850778e-03   9.5106684e-01   1.6310942e+02   7.6301941e-02   9.9667904e-01   2.8439821e-02   1.7891225e+00  -9.4800754e-01   8.1355170e-02  -3.0767353e-01  -5.3625533e+00
  -3.1113700e-01  -3.0814711e-03   9.5036006e-01   1.6522882e+02   7.5829566e-02   9.9672592e-01   2.8057539e-02   1.8313568e+00  -9.4733500e-01   8.0795129e-02  -3.0988465e-01  -6.0517156e+00
  -3.1559983e-01  -3.1878686e-03   9.4888700e-01   1.6736377e+02   7.5718923e-02   9.9672085e-01   2.8532684e-02   1.8848725e+00  -9.4586646e-01   8.0853612e-02  -3.1432355e-01  -6.7640392e+00
  -3.1826939e-01  -3.0859163e-03   9.4799527e-01   1.6949389e+02   7.5874283e-02   9.9670372e-01   2.8717659e-02   1.9295569e+00  -9.4495907e-01   8.1068413e-02  -3.1698615e-01  -7.4781078e+00
  -3.2232361e-01  -3.0690773e-03   9.4662455e-01   1.7162873e+02   7.6944834e-02   9.9660085e-01   2.9430655e-02   1.9791137e+00  -9.4349719e-01   8.2324063e-02  -3.2099183e-01  -8.2086193e+00
  -3.2652220e-01  -2.7114279e-03   9.4518562e-01   1.7377046e+02   7.9291042e-02   9.9639238e-01   3.0250069e-02   2.0280858e+00  -9.4185782e-01   8.4822071e-02  -3.2512924e-01  -8.9529552e+00
  -3.2836131e-01  -3.2204914e-03   9.4454669e-01   1.7591534e+02   7.9963889e-02   9.9630946e-01   3.1195549e-02   2.0822896e+00  -9.4116130e-01   8.5773038e-02  -3.2689196e-01  -9.7051559e+00
  -3.3084865e-01  -4.0124074e-03   9.4367528e-01   1.7807507e+02   7.9655098e-02   9.9630343e-01   3.2162923e-02   2.1339704e+00  -9.4031601e-01   8.5809606e-02  -3.2930604e-01  -1.0465792e+01
  -3.3471917e-01  -3.8758172e-03   9.4230994e-01   1.8023364e+02   7.8329143e-02   9.9641631e-01   3.1921760e-02   2.1933582e+00  -9.3905675e-01   8.4495155e-02  -3.3321605e-01  -1.1232773e+01
  -3.3654987e-01  -2.3410117e-03   9.4166271e-01   1.8239145e+02   7.7582307e-02   9.9652824e-01   3.0205293e-02   2.2508604e+00  -9.3846424e-01   8.3221954e-02  -3.3519983e-01  -1.2008674e+01
  -3.3971675e-01  -1.1556355e-03   9.4052706e-01   1.8456595e+02   7.6741948e-02   9.9663075e-01   2.8943628e-02   2.2938598e+00  -9.3739168e-01   8.2010514e-02  -3.3848347e-01  -1.2799621e+01
  -3.4396380e-01  -3.2126962e-04   9.3898283e-01   1.8673933e+02   7.5572068e-02   9.9674642e-01   2.8024238e-02   2.3534491e+00  -9.3593682e-01   8.0600198e-02  -3.4282041e-01  -1.3588327e+01
  -3.4612173e-01   2.0415223e-04   9.3818957e-01   1.8892172e+02   7.4032989e-02   9.9688758e-01   2.7095705e-02   2.4005683e+00  -9.3526404e-01   7.8835391e-02  -3.4505957e-01  -1.4403157e+01
  -3.5108886e-01   4.6166218e-04   9.3634201e-01   1.9111171e+02   7.4608920e-02   9.9683402e-01   2.7483716e-02   2.4450242e+00  -9.3336493e-01   7.9508692e-02  -3.5001176e-01  -1.5222498e+01
  -3.5329303e-01  -4.2652595e-04   9.3551260e-01   1.9330088e+02   7.4222895e-02   9.9683475e-01   2.8484497e-02   2.4972868e+00  -9.3256365e-01   7.9499828e-02  -3.5214311e-01  -1.6054540e+01
  -3.5714122e-01  -1.4123983e-03   9.3404931e-01   1.9548973e+02   7.3827761e-02   9.9682754e-01   2.9735960e-02   2.5462236e+00  -9.3112812e-01   7.9578707e-02  -3.5590393e-01  -1.6898453e+01
  -3.6207967e-01  -1.7934730e-03   9.3214541e-01   1.9769243e+02   7.3757197e-02   9.9680760e-01   3.0567899e-02   2.5967980e+00  -9.2922449e-01   7.9820447e-02  -3.6079148e-01  -1.7749186e+01
  -3.6453976e-01  -1.7928906e-03   9.3118608e-01   1.9988241e+02   7.2760237e-02   9.9688590e-01   3.0403488e-02   2.6518729e+00  -9.2834082e-01   7.8836600e-02  -3.6327409e-01  -1.8605682e+01
  -3.6816123e-01  -1.2818052e-03   9.2976106e-01   2.0208414e+02   7.1981714e-02   9.9695832e-01   2.9877333e-02   2.7059308e+00  -9.2697136e-01   7.7925470e-02  -3.6694913e-01  -1.9479112e+01
  -3.7259143e-01  -1.3278685e-03   9.2799452e-01   2.0428868e+02   7.1707456e-02   9.9696784e-01   3.0217230e-02   2.7560055e+00  -9.2522086e-01   7.7802807e-02  -3.7136646e-01  -2.0357446e+01
  -3.7409904e-01  -9.1063729e-04   9.2738829e-01   2.0648344e+02   7.2511602e-02   9.9690931e-01   3.0229346e-02   2.8014478e+00  -9.2454959e-01   7.8555180e-02  -3.7287678e-01  -2.1257930e+01
  -3.7812638e-01  -1.2890654e-03   9.2575307e-01   2.0868886e+02   7.3435603e-02   9.9680602e-01   3.1382976e-02   2.8543743e+00  -9.2283672e-01   7.9849966e-02  -3.7682399e-01  -2.2155849e+01
  -3.7945467e-01  -1.5620927e-03   9.2520899e-01   2.1089250e+02   7.4836102e-02   9.9667012e-01   3.2375170e-02   2.9122071e+00  -9.2217876e-01   8.1523944e-02  -3.7807424e-01  -2.3069945e+01
  -3.8208484e-01  -1.4425180e-03   9.2412611e-01   2.1309495e+02   7.5687834e-02   9.9659029e-01   3.2849166e-02   2.9673276e+00  -9.2102253e-01   8.2496272e-02  -3.8067286e-01  -2.3988964e+01
  -3.8590760e-01  -9.6356842e-04   9.2253692e-01   2.1530222e+02   7.5511191e-02   9.9661095e-01   3.2628118e-02   3.0197938e+00  -9.1944187e-01   8.2253300e-02  -3.8452698e-01  -2.4912558e+01
  -3.8749768e-01  -7.4209307e-04   9.2187036e-01   2.1750370e+02   7.5037552e-02   9.9665600e-01   3.2343471e-02   3.0789450e+00  -9.1881167e-01   8.1707915e-02  -3.8614620e-01  -2.5846763e+01
  -3.9007643e-01   7.2743411e-05   9.2078246e-01   2.1971402e+02   7.4470656e-02   9.9672649e-01   3.1469692e-02   3.1325605e+00  -9.1776602e-01   8.0846859e-02  -3.8880493e-01  -2.6786270e+01
  -3.9416251e-01   6.9054425e-04   9.1904048e-01   2.2192204e+02   7.3978844e-02   9.9677847e-01   3.0979446e-02   3.1790166e+00  -9.1605841e-01   8.0200489e-02  -3.9294379e-01  -2.7735892e+01
  -3.9548853e-01   8.7636945e-04   9.1847048e-01   2.2412740e+02   7.2257805e-02   9.9692976e-01   3.0162595e-02   3.2341191e+00  -9.1562416e-01   7.8295621e-02  -3.9433761e-01  -2.8688651e+01
  -3.9832034e-01   1.4534999e-03   9.1724520e-01   2.2633447e+02   7.2638603e-02   9.9690807e-01   2.9964099e-02   3.2813389e+00  -9.1436563e-01   7.8562720e-02  -3.9719435e-01  -2.9652244e+01
  -4.0232237e-01   9.2212573e-04   9.1549759e-01   2.2854021e+02   7.4234456e-02   9.9673939e-01   3.1618938e-02   3.3264913e+00  -9.1248338e-01   8.0682471e-02  -4.0107900e-01  -3.0627624e+01
  -4.0323082e-01  -1.5066918e-04   9.1509827e-01   2.3073340e+02   7.4440338e-02   9.9668040e-01   3.2965646e-02   3.3849538e+00  -9.1206552e-01   8.1412989e-02  -4.0188104e-01  -3.1599361e+01
  -4.0764481e-01  -8.1176354e-04   9.1314019e-01   2.3294499e+02   7.3526104e-02   9.9672338e-01   3.3709651e-02   3.4438054e+00  -9.1017558e-01   8.0881205e-02  -4.0624943e-01  -3.2586938e+01
  -4.0937683e-01  -1.0085522e-03   9.1236482e-01   2.3514396e+02   7.2094653e-02   9.9683666e-01   3.3450699e-02   3.4953185e+00  -9.0951247e-01   7.9470565e-02  -4.0800912e-01  -3.3576136e+01
  -4.1276267e-01  -1.7457469e-03   9.1083692e-01   2.3734258e+02   7.0381560e-02   9.9694711e-01   3.3805498e-02   3.5591593e+00  -9.0811529e-01   7.8059771e-02  -4.1137968e-01  -3.4577559e+01
  -4.1747348e-01  -2.6756716e-03   9.0868515e-01   2.3953894e+02   6.9255859e-02   9.9699334e-01   3.4753632e-02   3.6181144e+00  -9.0604607e-01   7.7440490e-02  -4.1603297e-01  -3.5584701e+01
  -4.1969803e-01  -2.8701314e-03   9.0765924e-01   2.4172558e+02   6.8573253e-02   9.9703679e-01   3.4860753e-02   3.6744913e+00  -9.0506974e-01   7.6872135e-02  -4.1825757e-01  -3.6606574e+01
  -4.2316281e-01  -3.4149976e-03   9.0604720e-01   2.4391705e+02   6.7661566e-02   9.9708153e-01   3.5358962e-02   3.7377001e+00  -9.0352372e-01   7.6267171e-02  -4.2169676e-01  -3.7623416e+01
  -4.2818548e-01  -4.2754293e-03   9.0368074e-01   2.4609617e+02   6.6576398e-02   9.9712211e-01   3.6262995e-02   3.7946673e+00  -9.0123512e-01   7.5691096e-02  -4.2666857e-01  -3.8652415e+01
  -4.3101926e-01  -4.5906182e-03   9.0233103e-01   2.4827557e+02   6.5596933e-02   9.9718177e-01   3.6407061e-02   3.8625356e+00  -8.9995523e-01   7.4882292e-02  -4.2950342e-01  -3.9691787e+01
  -4.3490290e-01  -4.3709294e-03   9.0046673e-01   2.5044479e+02   6.5370217e-02   9.9719646e-01   3.6412640e-02   3.9239753e+00  -8.9810142e-01   7.4699669e-02  -4.3339791e-01  -4.0736963e+01
  -4.3967026e-01  -4.1794695e-03   8.9814952e-01   2.5261176e+02   6.5695421e-02   9.9716086e-01   3.6800025e-02   3.9825652e+00  -8.9575339e-01   7.5184188e-02  -4.3814740e-01  -4.1794037e+01
  -4.4227727e-01  -4.4095187e-03   8.9686751e-01   2.5477590e+02   6.5130152e-02   9.9718977e-01   3.7020754e-02   4.0496099e+00  -8.9451039e-01   7.4786556e-02  -4.4074718e-01  -4.2868399e+01
  -4.4691499e-01  -4.5804939e-03   8.9456468e-01   2.5694171e+02   6.3713171e-02   9.9728442e-01   3.6936877e-02   4.1139920e+00  -8.9230465e-01   7.3503197e-02  -4.4540953e-01  -4.3945622e+01
  -4.4949726e-01  -4.2505541e-03   8.9327158e-01   2.5909778e+02   6.4132690e-02   9.9725455e-01   3.7017132e-02   4.1856488e+00  -8.9097653e-01   7.3927008e-02  -4.4799060e-01  -4.5032956e+01
  -4.5311786e-01  -3.7917728e-03   8.9144253e-01   2.6124961e+02   6.4690850e-02   9.9721454e-01   3.7123861e-02   4.2595079e+00  -8.8910025e-01   7.4489660e-02  -4.5161043e-01  -4.6131339e+01
  -4.5778910e-01  -2.9120396e-03   8.8905603e-01   2.6341213e+02   6.5738497e-02   9.9714632e-01   3.7115879e-02   4.3199969e+00  -8.8662707e-01   7.5436452e-02  -4.5629129e-01  -4.7247126e+01
  -4.5993093e-01  -1.4264618e-03   8.8795353e-01   2.6555008e+02   6.7565977e-02   9.9704327e-01   3.6598678e-02   4.3844332e+00  -8.8538034e-01   7.6828311e-02  -4.5847466e-01  -4.8364366e+01
  -4.6302780e-01  -6.7478941e-04   8.8634348e-01   2.6770473e+02   6.8670971e-02   9.9696652e-01   3.6632874e-02   4.4612995e+00  -8.8367954e-01   7.7828107e-02  -4.6157687e-01  -4.9496991e+01
  -4.6703045e-01   9.6239397e-04   8.8424069e-01   2.6986023e+02   7.0245416e-02   9.9687928e-01   3.6016614e-02   4.5272886e+00  -8.8144660e-01   7.8934710e-02  -4.6564058e-01  -5.0632620e+01
  -4.6873908e-01   3.0243485e-03   8.8333148e-01   2.7201001e+02   7.2031494e-02   9.9679466e-01   3.4810624e-02   4.5941084e+00  -8.8039486e-01   7.9944786e-02  -4.6745446e-01  -5.1783764e+01
  -4.7269511e-01   3.6868646e-03   8.8121831e-01   2.7418329e+02   7.3079267e-02   9.9671069e-01   3.5030449e-02   4.6652997e+00  -8.7819059e-01   8.0957510e-02  -4.7140971e-01  -5.2941197e+01
  -4.7505172e-01   4.1247784e-03   8.7994819e-01   2.7634668e+02   7.2850779e-02   9.9674047e-01   3.4657214e-02   4.7344614e+00  -8.7693706e-01   8.0568880e-02  -4.7380377e-01  -5.4114989e+01
  -4.7832329e-01   4.2304617e-03   8.7817362e-01   2.7852282e+02   7.2167332e-02   9.9679542e-01   3.4506171e-02   4.8139941e+00  -8.7521351e-01   7.9880552e-02  -4.7709577e-01  -5.5300629e+01
  -4.8302882e-01   5.0016384e-03   8.7559015e-01   2.8070664e+02   7.2535540e-02   9.9677509e-01   3.4321133e-02   4.8885037e+00  -8.7259482e-01   8.0089501e-02  -4.8183389e-01  -5.6498606e+01
  -4.8507722e-01   5.1651092e-03   8.7445605e-01   2.8287877e+02   7.1777551e-02   9.9684340e-01   3.3928347e-02   4.9587391e+00  -8.7152054e-01   7.9224182e-02  -4.8391676e-01  -5.7709204e+01
  -4.8808761e-01   4.9307944e-03   8.7278069e-01   2.8507264e+02   7.0371605e-02   9.9695065e-01   3.3721814e-02   5.0360022e+00  -8.6995304e-01   7.7878178e-02  -4.8694625e-01  -5.8930454e+01
  -4.9171462e-01   5.0779176e-03   8.7074159e-01   2.8727426e+02   7.1366746e-02   9.9685369e-01   3.4487993e-02   5.1067840e+00  -8.6782688e-01   7.9100244e-02  -4.9052993e-01  -6.0169698e+01
  -4.9315301e-01   4.9027124e-03   8.6992876e-01   2.8945717e+02   7.2771101e-02   9.9671178e-01   3.5635901e-02   5.1803867e+00  -8.6689356e-01   8.0879625e-02  -4.9188819e-01  -6.1419219e+01
  -4.9515839e-01   4.5950916e-03   8.6879055e-01   2.9166384e+02   7.3538289e-02   9.9661901e-01   3.6641217e-02   5.2562152e+00  -8.6568485e-01   8.2032576e-02  -4.9382218e-01  -6.2684724e+01
  -4.9845984e-01   4.1389539e-03   8.6690290e-01   2.9389628e+02   7.3394615e-02   9.9659981e-01   3.7442931e-02   5.3378347e+00  -8.6380032e-01   8.2289802e-02  -4.9706876e-01  -6.3950942e+01
  -4.9976758e-01   3.4351290e-03   8.6615272e-01   2.9610291e+02   7.3024318e-02   9.9659895e-01   3.8182342e-02   5.4294673e+00  -8.6307577e-01   8.2332508e-02  -4.9831870e-01  -6.5235171e+01
  -5.0338820e-01   2.8639706e-03   8.6405561e-01   2.9833897e+02   7.3746117e-02   9.9648806e-01   3.9660654e-02   5.5164663e+00  -8.6090755e-01   8.3685451e-02  -5.0183154e-01  -6.6540619e+01
  -5.0460015e-01   2.5352729e-03   8.6334943e-01   3.0055943e+02   7.4067316e-02   9.9643600e-01   4.0363888e-02   5.6025337e+00  -8.6017015e-01   8.4313599e-02  -5.0298954e-01  -6.7850214e+01
  -5.0659422e-01   3.0335289e-03   8.6217925e-01   3.0279076e+02   7.3642572e-02   9.9649159e-01   3.9764368e-02   5.6968532e+00  -8.5903378e-01   8.3637497e-02  -5.0504027e-01  -6.9165900e+01
  -5.1024681e-01   4.2376839e-03   8.6001756e-01   3.0504176e+02   7.2394241e-02   9.9665035e-01   3.8040432e-02   5.7796575e+00  -8.5697563e-01   8.1670328e-02  -5.0884445e-01  -7.0487747e+01
  -5.1251780e-01   3.6981270e-03   8.5866862e-01   3.0727382e+02   7.0681811e-02   9.9677879e-01   3.7895259e-02   5.8681180e+00  -8.5576256e-01   8.0114248e-02  -5.1112826e-01  -7.1822673e+01
  -5.1664478e-01   1.3792054e-03   8.5619871e-01   3.0953925e+02   6.8362471e-02   9.9687248e-01   3.9645259e-02   5.9623440e+00  -8.5346629e-01   7.9014376e-02  -5.1512325e-01  -7.3180214e+01
  -5.2277915e-01  -9.2301946e-04   8.5246764e-01   3.1180724e+02   6.5825762e-02   9.9696991e-01   4.1447388e-02   6.0576666e+00  -8.4992288e-01   7.7782163e-02  -5.2113433e-01  -7.4544354e+01
  -5.2643090e-01  -2.3497290e-03   8.5021465e-01   3.1405854e+02   6.4598547e-02   9.9699504e-01   4.2753130e-02   6.1563172e+00  -8.4776028e-01   7.7429200e-02  -5.2469722e-01  -7.5934604e+01
  -5.3081300e-01  -2.8695257e-03   8.4748410e-01   3.1631359e+02   6.4353834e-02   9.9697056e-01   4.3683041e-02   6.2560174e+00  -8.4504208e-01   7.7726377e-02  -5.2902027e-01  -7.7343760e+01
  -5.3623495e-01  -1.8762656e-03   8.4406666e-01   3.1857543e+02   6.6242044e-02   9.9681968e-01   4.4299340e-02   6.3569476e+00  -8.4146541e-01   7.9667555e-02  -5.3440527e-01  -7.8762176e+01
  -5.3904065e-01  -1.0950248e-03   8.4227902e-01   3.2082254e+02   6.7154341e-02   9.9675980e-01   4.4273208e-02   6.4561171e+00  -8.3959838e-01   8.0427752e-02  -5.3722052e-01  -8.0209714e+01
  -5.4399681e-01  -1.5710594e-03   8.3908580e-01   3.2308512e+02   6.7426536e-02   9.9668251e-01   4.5580162e-02   6.5586269e+00  -8.3637378e-01   8.1372111e-02  -5.4208618e-01  -8.1659441e+01
  -5.4687442e-01  -2.8443439e-03   8.3720980e-01   3.2532991e+02   6.7765723e-02   9.9656264e-01   4.7651026e-02   6.6665839e+00  -8.3446758e-01   8.2793255e-02  -5.4480187e-01  -8.3130374e+01
  -5.5086390e-01  -4.6596608e-03   8.3458207e-01   3.2757843e+02   6.6378990e-02   9.9657193e-01   4.9377378e-02   6.7728714e+00  -8.3195118e-01   8.2598930e-02  -5.4866620e-01  -8.4602060e+01
  -5.5578652e-01  -5.4159559e-03   8.3130740e-01   3.2982372e+02   6.5374538e-02   9.9659722e-01   5.0200217e-02   6.8774304e+00  -8.2875056e-01   8.2246941e-02  -5.5354124e-01  -8.6083620e+01
  -5.5884639e-01  -6.1756817e-03   8.2924818e-01   3.3205924e+02   6.4664620e-02   9.9660289e-01   5.1000763e-02   6.9919127e+00  -8.2674613e-01   8.2124611e-02  -5.5654858e-01  -8.7585730e+01
  -5.6296892e-01  -6.0539196e-03   8.2645588e-01   3.3428849e+02   6.5989565e-02   9.9645131e-01   5.2250228e-02   7.1037495e+00  -8.2383940e-01   8.3952718e-02  -5.6057162e-01  -8.9098476e+01
  -5.6813666e-01  -6.9160782e-03   8.2290514e-01   3.3652542e+02   6.6181809e-02   9.9634169e-01   5.4065875e-02   7.2173116e+00  -8.2026866e-01   8.5178157e-02  -5.6560052e-01  -9.0615200e+01
  -5.7044276e-01  -8.4387924e-03   8.2129399e-01   3.3874576e+02   6.4400497e-02   9.9640903e-01   5.4968482e-02   7.3428343e+00  -8.1880865e-01   8.4248114e-02  -5.6785086e-01  -9.2152891e+01
  -5.7399125e-01  -9.3283378e-03   8.1880828e-01   3.4096773e+02   6.3939016e-02   9.9637157e-01   5.6173008e-02   7.4707626e+00  -8.1636133e-01   8.4596610e-02  -5.7131212e-01  -9.3707760e+01
  -5.7808181e-01  -1.0444931e-02   8.1591194e-01   3.4318754e+02   6.4016921e-02   9.9625546e-01   5.8110235e-02   7.5980052e+00  -8.1346372e-01   8.5824640e-02  -5.7524851e-01  -9.5264799e+01
  -5.7982195e-01  -1.1873472e-02   8.1465668e-01   3.4538878e+02   6.1652819e-02   9.9638745e-01   5.8402805e-02   7.7270380e+00  -8.1240717e-01   8.4089109e-02  -5.7699529e-01  -9.6830031e+01
  -5.8406366e-01  -1.2996620e-02   8.1160379e-01   3.4759651e+02   5.7767398e-02   9.9667092e-01   5.7532000e-02   7.8633408e+00  -8.0964964e-01   8.0486589e-02  -5.8136848e-01  -9.8391744e+01
  -5.8587588e-01  -1.4568194e-02   8.1026982e-01   3.4980256e+02   5.3521995e-02   9.9695987e-01   5.6624531e-02   7.9942860e+00  -8.0863145e-01   7.6542205e-02  -5.8331503e-01  -9.9976690e+01
  -5.8904049e-01  -1.7219330e-02   8.0792002e-01   3.5199622e+02   5.1239784e-02   9.9696523e-01   5.8606519e-02   8.1284347e+00  -8.0647737e-01   7.5919260e-02  -5.8637058e-01  -1.0156486e+02
  -5.9318839e-01  -1.8411988e-02   8.0485310e-01   3.5419459e+02   5.1909074e-02   9.9678332e-01   6.1060361e-02   8.2687659e+00  -8.0338842e-01   7.7999476e-02  -5.9032455e-01  -1.0317075e+02
